0.9987931977951867 0.765728500910532
0.7547808255789712 0.8625680502489486
0.9208997860182542 0.7989621436480365
0.2748219078755108 0.9812071751929652
0.1832826073203621 0.991619489570722
0.01620718651274554 0.9999343356824444
0.2739433335484673 0.9813265772103682
0.1617182843208864 0.9934724808883212
0.7803214875889577 0.8534706773040809
0.7375852734491161 0.8685472387266361
0.7417689071697038 0.8671034036242223
0.4646892121362916 0.9467401976038455
0.4927184984519698 0.9402218402032454
0.8595600304471143 0.8236456126347789
0.2224816299148284 0.987663712891143
0.9573834067943429 0.7836517163133577
0.07166394222139565 0.9987164846724176
0.8870885427515435 0.8127353754861456
0.2988345647690979 0.9777987760716912
0.3207917792353741 0.9744381555597473
0.120898890830995 0.9963492040161865
0.04048773881070676 0.9995902305469051
0.8333335564627002 0.8337802172260201
0.3873335106239345 0.9628434170273377
0.1973119439544677 0.9902906587693372
0.609536365424067 0.9092510661997674
0.3290468316194819 0.9731146657818083
0.3534280473149512 0.9690151055497106
0.7681767282859314 0.8578285837598825
0.5258911547837272 0.9320455797200027
0.5117076479418704 0.935602352135025
0.7669699260811181 0.8582584559518585
0.2806719803626984 0.9804025650970415
0.4326074339601246 0.9537571288921012
0.04179183349096767 0.9995634111335452
0.4639545876830605 0.9469061935796349
0.4488146204728701 0.9502718215717864
0.315735167039435 0.9752326770888422
0.6256728720039468 0.9045019540399928
0.2291361080618278 0.9869171723257744
0.05332044048855102 0.9992893617390909
0.3674417787079894 0.9665303925573874
0.6938253201981193 0.8832244819899315
0.5460389389405208 0.9268379573789118
0.2270018086894424 0.987158976982068
0.9163069501129477 0.8008568191996447
0.5034223452692024 0.9376380239634147
0.298665750910838 0.9778237123727301
0.8033954923988299 0.8450327312928475
0.8022569100383002 0.8454539267151648
0.6194575301462121 0.9063444467337652
0.9242943832298249 0.7975570273422673
0.842744648849007 0.8301730005103453
0.4527910861432511 0.9493980975985812
0.3116278938537593 0.9758689738720319
0.04005659280347479 0.9995989103791365
0.06232745110165674 0.9990290607626018
0.6406747254732413 0.8999866616240009
0.393484640118426 0.9616654219187016
0.8305041798532494 0.8348582015003096
0.1665658797913072 0.9930759723306334
0.9051922880602965 0.8054111904051179
0.5974741054687063 0.9127276537046742
0.4472378601540056 0.9506162478745983
0.3377997215547597 0.9716756445510497
0.639265938959674 0.9004147645376416
0.9111924478370661 0.8029579692857851
0.7866143424932912 0.8511899224632139
0.9550011059991089 0.7846653800983728
0.5368653193753516 0.9292315816242014
0.01575045008945766 0.9999379846203079
0.008321546021998649 0.9999826908733984
0.9043070980833411 0.8057720285910862
0.7095757702875769 0.8780316825120752
0.5543604849625194 0.9246342455476197
0.1313089067727835 0.9956941382574501
0.6258827199348633 0.9044394569295824
0.0577828302317219 0.9991654630919065
0.4299746576836215 0.9543117761757531
0.429278211868032 0.9544579566325506
0.8600397402700222 0.8234578642062845
0.04943218782983357 0.999389210790562
0.3535725950978569 0.9689899537131358
0.7027843891190292 0.8802832418475276
0.5022232739730846 0.937930056696977
0.6652004889516162 0.892399088882567
0.742840981922504 0.8667322847942062
0.5645507255404026 0.9218938379681816
0.3058752139591962 0.9767465071405919
0.1363256215752687 0.995359227757509
0.3950549049279908 0.9613618440903616
0.4724410937505034 0.9449734583589989
0.04151790916990392 0.9995691150376935
0.9925290103966971 0.7684762003925074
0.9196789543701703 0.7994664933471985
0.379317631190325 0.964351713544223
0.6317949488907098 0.9026709236579674
0.8308714017415751 0.8347184612093252
0.1659319732179549 0.9931284836394719
0.5867960544241574 0.9157525180188073
0.3677367211169268 0.9664770941851466
0.1816824233074125 0.9917648854764275
0.5951176009118173 0.9133994725421524
0.2720438187346066 0.9815834470033497
0.8912581935949895 0.8110588739649185
0.1494780854086755 0.9944218738432593
0.4033527255073901 0.9597383618158494
0.5171409130641915 0.9342505726749661
0.2072609156403974 0.9892895291171303
0.8333273836566728 0.8337825723253427
0.9464191249322236 0.7883009891441387
0.0673006559104196 0.9988679787126884
0.8827595714865064 0.8144693067126849
0.2999917195644191 0.9776274764182917
0.7700850450294489 0.857147656359203
0.3849828449939298 0.9632888738214564
0.9651922085160354 0.7803156303859147
0.5129260264862916 0.9353003823325282
0.9495335705343324 0.7869845111276104
0.2710674220095702 0.9817148017313768
0.6492516480615603 0.8973621156610045
0.344588474996662 0.9705342761878117
0.743508516225735 0.8665009727224715
0.6907695572314643 0.8842201139259265
0.3371174849276978 0.9717891270070312
0.663187470130244 0.89303141287802
0.07008718795612789 0.998772326267067
0.9689124338184075 0.7787190493295334
0.4940588714061579 0.9399011379880028
0.2360191611740827 0.9861221512635988
0.5557084882425649 0.924274373258909
0.8617955925230848 0.8227699376495886
0.4177015844814952 0.9568546952261905
0.150826088688721 0.9943209560334617
0.1338394112576914 0.9955267667830777
0.3089597776108234 0.9762779617520857
0.3003041740973965 0.9775811111921314
0.5371921367650815 0.929146952242208
0.8261006906750149 0.836529916095226
0.5075650902034552 0.9366240483108168
0.3705195199560931 0.9659721877973086
0.7725198156072385 0.8562767999468969
0.5748657461138749 0.9190731784578292
0.2532790909769382 0.9840266140475971
0.07251153470599629 0.9986859539995826
0.3449507906776624 0.9704727418916184
0.6382619364365293 0.9007193460744071
0.03770374322203162 0.9996446413247492
0.8578768171639539 0.8243037163747667
0.5877955065052004 0.91547150403182
0.3087711652316019 0.9763067437141788
0.507128464759853 0.9367312828648624
0.9323839819675237 0.7941923288756252
0.05227968099167556 0.9993168282481167
0.1978980215256559 0.9902330350203665
0.2695014664295602 0.9819245018014563
0.7154671511219196 0.8760632249201493
0.2679852099474451 0.9821264098813685
0.2384139002479678 0.9858401086711789
0.2095260225280775 0.9890547912981653
0.5040043711215278 0.9374960371108568
0.7941223884905327 0.8484485974494946
0.07132161458550096 0.9987287138333373
0.9217059560686843 0.7986288127499667
0.9449484771792537 0.7889214795604751
0.2051610258431924 0.9895048904601729
0.2306657332138465 0.9867425003410938
0.2452526508109889 0.9850192215140852
0.7423531630739352 0.8669012095428522
0.0567664238888614 0.9991945583058771
0.7528177410144441 0.8632566139837619
0.1128726825643669 0.9968174773075025
0.8292862394960999 0.8353213050520357
0.3276834866626577 0.9733354999212321
0.3661517740069664 0.9667630208189985
0.9017977742020962 0.8067934141621996
0.6726342773403201 0.8900492908574971
0.004413709977834351 0.9999951326281475
0.9395015174241278 0.7912131771752254
0.5305110940386127 0.9308675115582049
0.5922092164830347 0.914225295164647
0.2482726826557297 0.9846494350141211
0.03763955833280438 0.9996458500857247
0.5245931979848971 0.9323748299865798
0.3005523636474052 0.9775442486493636
0.2355375803241216 0.9861785308399048
0.7940946648801186 0.8484587600297248
0.01601951476932481 0.999935847643752
0.5035227902715667 0.9376135310839162
0.03250856466242511 0.9997358185738705
0.2255455372974023 0.9873226827183302
0.00752716092743313 0.9999858383429342
0.8266309531529579 0.8363289980675559
0.2968671518829032 0.9780885366790022
0.9292331169961174 0.7955055706058045
0.7715794298665503 0.8566134284696814
0.5020281781917569 0.9379775104278447
0.1598988502099639 0.9936182988136799
0.01683208021187786 0.9999291743509111
0.2443813408000308 0.9851250802028571
0.2166652740988253 0.9882984303225388
0.7696498216919833 0.8573030793116435
0.3572540233643977 0.9683460153609464
0.04595151312926389 0.9994721870762843
0.0973333078889797 0.9976329615162907
0.7234057973713641 0.8733883706572405
0.9477492873313601 0.7877391342781314
0.769967585694961 0.8571896096965141
0.7278195073491984 0.8718901525209708
0.8872508047554879 0.8126702514253229
0.3004786792679125 0.9775551957846353
0.3200287238322332 0.9745588388902977
0.1355234869455562 0.9954136168533804
0.3381182380663781 0.9716225865723123
0.8446219218171304 0.8294494901466085
0.4360758505929614 0.9530215137406511
0.5736558183904997 0.919406460115639
0.6387165862315878 0.9005814733475059
0.4520953653622863 0.9495514916452433
0.07717860819640504 0.9985114226530781
0.6712251508940128 0.8904964878716981
0.6776409026596886 0.8884536946242131
0.08470576912383818 0.9982070401486214
0.4978561035813094 0.9389881624194734
0.9745080550082531 0.776308888794274
0.01393888611995563 0.9999514302821836
0.2694355329821983 0.9819333049065804
0.4765362327343488 0.944028996760808
0.1738377363299195 0.9924593699261747
0.2862676136597375 0.9796174088551601
0.7209175735343795 0.8742295097756803
0.3905030104287449 0.9622386590190988
0.05591743488605946 0.9992184656567987
0.07817159643311594 0.998472886498587
0.4364545235580087 0.9529408624506197
0.1532507427750392 0.9941371678484512
0.8015773942701413 0.8457050622181204
0.3842038104237075 0.9634359268321571
0.9232183284700002 0.7980028717676446
0.5293969011536785 0.9311525029683062
0.271454614713534 0.981662768131674
0.2236970077379127 0.987528985626913
0.8494256249859117 0.8275921423812337
0.4069781016590903 0.9590188914249297
0.5618152458042909 0.9226339870717684
0.694047546803042 0.8831519254757397
0.8430539527177131 0.8300538837197259
0.1354710637291293 0.9954171603105768
0.3327641325689685 0.9725080082728323
0.295149317614338 0.9783400086967693
0.2126496719255343 0.9887269420136284
0.00398928346298136 0.999996024239526
0.9727902207396879 0.7770499117565983
0.2973554410493725 0.9780167960378772
0.5018453870442907 0.9380219556009518
0.9472982752822797 0.7879297076274813
0.3112943271693281 0.9759202930363481
0.7712809204921504 0.8567202127956135
0.4238345075509672 0.9555927723391857
0.4851320634992477 0.9420215689117379
0.05754853368622648 0.9991722157196603
0.1447520806196854 0.9947685672879764
0.8756350739279926 0.8173081960577354
0.1134659685722859 0.9967839601328548
0.2229236770528013 0.9876147948818497
0.3120895970203399 0.9757978524635128
0.2667167113473251 0.9822944665365063
0.02450107085728136 0.9998499328359962
0.6962934079097087 0.8824175133690648
0.1899350398173253 0.9910014870000864
0.5538979724766211 0.9247575353767151
0.9677480226232428 0.7792192703718858
0.413632047555238 0.9576823448512294
0.4033235969968716 0.9597441174874736
0.3747261242823332 0.9652019738750978
0.9754472933595288 0.7759033130382328
0.09737114333425236 0.997631122014742
0.2177800765343849 0.9881780628914834
0.1109183566229969 0.996926646421921
0.4301352763688822 0.9542780310639326
0.512929394148723 0.9352995467429793
0.3235680285485312 0.9739967074847909
0.4341245598318635 0.9534360506787789
0.4857196144227495 0.9418831221034992
0.6209234695979038 0.9059113744425289
0.9359699468761542 0.7926935568867618
0.433017889239368 0.9536703675128261
0.9322177972328932 0.7942616786683717
0.7072508669026433 0.8788045887537215
0.8568523967903351 0.82470373332049
0.4173498602664796 0.9569265337180417
0.7647994005888697 0.8590301688389507
0.001604476944359241 0.9999993592449142
0.2929849341944721 0.9786548180812161
0.8782653691611557 0.8162622498371301
0.2245281544628218 0.9874364339145713
0.6050745312148121 0.9105444042200656
0.1449820805084808 0.994751951246321
0.2490292253201032 0.9845561025288937
0.3013679386588596 0.9774229051623123
0.3349171203258061 0.9721536142793233
0.8029271977967244 0.8452060277088105
0.2691159612821024 0.9819759425610594
0.7485491678810442 0.8647485475868959
0.2062507947935959 0.9893933963211119
0.6438420855644355 0.8990210817231897
0.7239964607749118 0.873188329305379
0.3036219381278483 0.9770858779605485
0.8616221620988204 0.8228379365658708
0.8349148173979087 0.8331764499997066
0.7337572144967305 0.8698621988332003
0.374551555781882 0.9652341035926528
0.1584828454807787 0.9937306496603818
0.1678817738629327 0.9929663320498524
0.8602711706702929 0.823367256862186
0.7794063150786824 0.853801081794241
0.103851720739087 0.9973055246761727
0.2932890594439996 0.9786107199762604
0.7116241118459143 0.8773488870044078
0.8111025876417303 0.8421685686740499
0.1501414562343347 0.9943723233935834
0.1289739721123939 0.9958457526816622
0.5759019882306 0.9187872280799999
0.1517459331786939 0.9942515751034064
0.4219589063068661 0.9559805650151315
0.4541673569260944 0.9490939955742063
0.3762740876415158 0.9649164360453397
0.02703343705601685 0.9998173094870729
0.5991494374345753 0.9122485628943819
0.6253033134272803 0.9046119704415895
0.3284013761805377 0.9732193276202584
0.9340665577603814 0.7934896420275671
0.4282305107583434 0.9546774381151594
0.59751733746264 0.9127153060832855
0.6826157251757643 0.886857890231314
0.6344813055519393 0.9018624132774261
0.2413594225614143 0.9854893482340268
0.4066121854850148 0.9590917889349053
0.9381032441454489 0.7917998260945188
0.1029815841945734 0.9973504578580471
0.2415270024172622 0.9854692647828387
0.6718604581765181 0.8902949710049319
0.4775331399764554 0.9437979169689433
0.4000098478980408 0.9603962972000756
0.839742232505112 0.831327411614474
0.337804310181087 0.9716748805297311
0.1794161629767232 0.9919686387982486
0.943593953244199 0.7894923197568517
0.6310933700907478 0.9028815696679359
0.8910402748226376 0.8111466478924678
0.754696540420268 0.8625976452503913
0.7812348263250826 0.8531406087220119
0.02001424646937021 0.9998998628179372
0.3305985281852067 0.9728622372861671
0.9329807595037766 0.7939432114719897
0.4419731527762363 0.9517579243852733
0.7847658855769625 0.8518614694922455
0.3092548471452924 0.9762329001791755
0.4690065902979144 0.9457596257833659
0.3839153225458764 0.9634903099395721
0.9345581605725727 0.7932841510596315
0.797407966478452 0.8472421066841276
0.3179818803062578 0.974881180437261
0.3627886708652548 0.9673657755930227
0.3949253034754309 0.9613869438013725
0.0005976050163608068 0.9999999135484685
0.9972699768828553 0.7663978192625913
0.6362847260368452 0.9013179120488966
0.4072097909670369 0.9589727019876317
0.935373220562643 0.792943270151825
0.7392663102314185 0.8679679316723637
0.648736793384299 0.8975205415000144
0.6072336782734998 0.9099196143880439
0.2167994497422126 0.9882839754267447
0.04874664128233988 0.999406032262506
0.4469759103129506 0.9506733565069477
0.554603760388961 0.9245693586502828
0.2281628042590631 0.9870277194276654
0.3905698630914883 0.9622258521178692
0.1856971300140476 0.9913977083783259
0.1192030786160394 0.9964508127041553
0.1452664035117563 0.9947313744315515
0.9669319563391302 0.7795695743360265
0.1392173255510709 0.9951605028865562
0.475864931696963 0.9441843456253842
0.8999127153772455 0.8075592273457984
0.5811904783273072 0.9173205315996176
0.2606308168082642 0.9830898584162238
0.2091675620568765 0.9890921073984378
0.05019706815956024 0.9993701655841923
0.6445461398198018 0.8988058697593115
0.1437257221637879 0.9948423953660502
0.8476050346380123 0.8282970822319042
0.9625280201260596 0.7814561406784551
0.506514393494704 0.9368819518228054
0.2425303376477819 0.9853487337185961
0.9631256251424205 0.781200520409892
0.5037843699118981 0.9375497250779756
0.878815063684627 0.8160433444633328
0.3703354156437961 0.966005704917949
0.4391575900088798 0.9523632172807243
0.6180813734503842 0.9067501543453401
0.01907220902809511 0.9999090676048147
0.04639126781671832 0.9994620377381545
0.8348808236582581 0.8331894395872382
0.06781885031043498 0.9988504841542215
0.4933671785953302 0.940066736878721
0.3894845835815577 0.9624334973749059
0.2959816545694981 0.9782183419741883
0.8839370416868185 0.8139983513521148
0.5751817135956053 0.9189860374192881
0.4151847331855375 0.9573674790025717
0.02920344473291349 0.999786803888788
0.5421136694690742 0.9278667523316926
0.5544020587366084 0.9246231587691314
0.5050683768955377 0.9372360730502697
0.4420263843806583 0.9517464451641684
0.1355925370639155 0.9954089474468186
0.7656991937038019 0.8587104801303751
0.6511939469031961 0.8967634415154832
0.1857896052234758 0.9913891570341037
0.4102453330579425 0.9583652118415091
0.7949196690669841 0.8481562129375546
0.03339463986148808 0.9997212217560602
0.3727733527183409 0.9655605627813929
0.3014340620960267 0.9774130530532185
0.2759249775092699 0.9810567322330882
0.3358989778607613 0.9719912575106331
0.8052184320079249 0.84435733461118
0.1547400411938969 0.9940228348944989
0.7062343935045574 0.8791418167836689
0.2443760215511434 0.9851257253184659
0.7728214146442811 0.8561687634238719
0.7253066025326524 0.8727441160263191
0.290767289833523 0.9789750225504422
0.6077022378368779 0.909783761460904
0.7931254528430874 0.8488138549254491
0.7841344684288531 0.8520905594763372
0.9971868214184357 0.7664343368318479
0.08910710694692428 0.9980159684609519
0.6680715096500104 0.8914943106433966
0.5723685345483798 0.9197603432352288
0.504291840598123 0.9374258514768046
0.6972749548485851 0.8820958878156439
0.1144822035517926 0.9967261418900597
0.05869389886907018 0.9991389447635012
0.2023433312784617 0.9897904590428699
0.5565085883981122 0.9240603919767396
0.1942864359329857 0.9905854375545964
0.9680425249822636 0.7790927976471836
0.2077025348356471 0.9892439612458538
0.3800760416221228 0.9642103097283314
0.3782878580402061 0.9645432765158541
0.002622203436969874 0.9999982838443442
0.4134706814836108 0.9577150031832982
0.7510612107585469 0.8638714279071721
0.3040562659986579 0.9770206535673502
0.6893956589928808 0.8846665011975259
0.08696018815364698 0.998110377481396
0.1092746975409215 0.9970169899742402
0.8441357001867777 0.8296370085137441
0.7931945821238656 0.8487885397374585
0.3536507195577261 0.9689763556278592
0.6169571148310589 0.9070809946479058
0.5185011841908569 0.9339100574408967
0.6444180093912492 0.8988450517192305
0.2246593522022755 0.9874217935189789
0.3116266370339443 0.9758691673341356
0.4285524773544411 0.9546100442111747
0.2218461736207112 0.9877338660151473
0.4007337439808686 0.9602542677461965
0.09662398653879016 0.9976673156113866
0.7942147081690909 0.8484147538933232
0.9050255845789916 0.8054791665491161
0.7938989413873754 0.8485304974816599
0.9086969121865448 0.8039798400254716
0.9637194839137231 0.7809463833480795
0.996242272665837 0.7668489753777122
0.4652055001189958 0.9466233884242308
0.1580059193810475 0.9937682671052369
0.9642847976481006 0.7807043515544815
0.6729080349546429 0.8899623155317703
0.5380819610031703 0.9289162902810947
0.3425726552226454 0.9708754895204352
0.6755302383916127 0.8891276318617245
0.9515526424867812 0.7861292790570631
0.09363386551553098 0.9978093782587025
0.9795865043902707 0.7741124490191029
0.640948301479662 0.8999034293075878
0.1805940541348392 0.9918630543833313
0.08886120193119217 0.9980268984610798
0.4850840012007784 0.9420328870361199
0.9737886362587049 0.7766193446086703
0.4425119214889183 0.9516416800094817
0.102041115566176 0.9973985989212858
0.4922898199839004 0.9403242346821128
0.0869299304145062 0.9981116916193729
0.3267004682341127 0.9734941753367813
0.8039164570178448 0.8448398448598349
0.5154824077689473 0.9346646160566491
0.5485466418548238 0.9261771079862193
0.2046502009987134 0.9895569517099236
0.6121063943077374 0.9085021940657768
0.3427613495582535 0.9708436320633033
0.1096757851120437 0.9969950682677353
0.4060053356951128 0.9592125464967854
0.251458261279137 0.9842545498957446
0.0733952685601056 0.9986537397441708
0.4022476078952885 0.9599564490512207
0.7166637613981328 0.8756616782483928
0.2314011884068145 0.9866581085405036
0.3665324050777277 0.9666944633231117
0.3895717958871144 0.9624168316802431
0.7694831494099847 0.8573625800501515
0.709105060300373 0.8781883469691162
0.06510203427872716 0.9989407146987832
0.7210357918967659 0.8741896031412832
0.8027389262815653 0.8452756754318089
0.04468853820333655 0.9995007987573871
0.3619840929107667 0.9675091795860943
0.9833329804164045 0.7724866041149552
0.1335497401345287 0.9955460872811643
0.847068094111545 0.8285047524553522
0.9571216162094481 0.7837632017491132
0.5760616616234471 0.9187431243622929
0.9491092101433823 0.7871640835131729
0.4494114357276873 0.9501411535260907
0.6629915920379532 0.8930928507359537
0.2758096779118337 0.9810724851192557
0.253327892745532 0.9840204826580657
0.1784739993412392 0.9920525996080578
0.8243563197666576 0.8371901132982669
0.4579780937442454 0.9482474082964192
0.790580394114638 0.8497445685757969
0.1671176688592498 0.9930301015745305
0.5676538788562892 0.9210502062118313
0.1965857293440894 0.9903618261518644
0.418575930604048 0.95667586229698
0.641049147882056 0.8998727399364083
0.5988333372393778 0.9123390506774399
0.1352396915365195 0.9954327832133355
0.8724503362888705 0.8185712498107308
0.9653657427827668 0.7802412593647265
0.5248114878892952 0.9323195097395591
0.6419334852331939 0.8996034350359803
0.6744708026174786 0.8894652104783178
0.5899135221680224 0.9148745440499869
0.3629692766642986 0.9673335429996827
0.4772097284333826 0.9438729325708715
0.6346020603713589 0.9018259974705095
0.7249533695750653 0.8728639507361117
0.4605427083841258 0.9476738862616466
0.7681518009715489 0.857837468862931
0.5720214636866103 0.9198556306234174
0.4176643241279127 0.9568623082685337
0.3442134621293347 0.9705979008508892
0.5211306733643313 0.9332494573712222
0.8670757603212612 0.8206943918006012
0.007205054167287915 0.9999870246714634
0.796940351276165 0.8474140732707647
0.120403652601132 0.9963790252502311
0.1856790535085271 0.9913993794512306
0.6212966705771613 0.9058009748063531
0.5783817463453774 0.9181010259858756
0.9762594476231651 0.7755523770186251
0.788414339436411 0.8505347040756237
0.1460356247360053 0.9946755039225628
0.1728451765015932 0.9925450731098688
0.2069902695747978 0.9893174079418969
0.7870847726180613 0.8510188023528816
0.7716785142066322 0.8565779757644594
0.3422299615769787 0.9709333032989882
0.6595351084412705 0.8941743359362674
0.7370442565237378 0.868733438718992
0.8670414494662738 0.8207079118308819
0.3014685936744644 0.9774079071563204
0.4115150586755551 0.9581098254267699
0.4569549711686349 0.9484753617236322
0.664437870338763 0.8926388407064804
0.8887247875745989 0.812078232245424
0.09155703107433255 0.9979054279448312
0.3893912399138283 0.9624513307560535
0.3492674954930635 0.9697347850866931
0.8597088320458814 0.8235873838587749
0.9614127036004386 0.7819328853507124
0.7669318200866374 0.8582720202529674
0.2039222941752161 0.9896309152045144
0.4825433764991087 0.9426296732736604
0.6340075799422374 0.9020052137568731
0.211127348342504 0.9888873200130021
0.2794837273096124 0.9805673404606394
0.7544112325433694 0.8626978042970394
0.3968064018510312 0.9610218585466306
0.9007803978867738 0.8072068848551702
0.3327929784230855 0.9725032747658978
0.3730658494741962 0.965506966498458
0.6891947368575235 0.884731716480629
0.4788286031590908 0.943496952994492
0.5459110259757894 0.9268715909731535
0.8961850068979826 0.8090698934465059
0.2659133757771521 0.9824004911712365
0.3175895397167604 0.9749427369119144
0.2384149680093 0.9858399822885584
0.9254484842184225 0.7970783965989583
0.05463379577483693 0.999253929079865
0.1054564170099126 0.9972216705877367
0.2269170774272257 0.9871685304842071
0.4661488549160533 0.9464096394818969
0.5624113881785475 0.9224729683490621
0.8913549482316501 0.8110198973973904
0.3548736420249909 0.9687631185490706
0.6539684192528801 0.8959055007025931
0.2807461876798171 0.9803922520141961
0.7041411375180544 0.8798349475225612
0.5136772512987616 0.9351138604507199
0.2421588908145944 0.9853934131699082
0.4710729571390305 0.9452872775574286
0.7175995454739778 0.8753472508797046
0.7247022673137031 0.8729491067544971
0.1050805366156067 0.9972414273749071
0.9287268938164818 0.7957162367221147
0.004185994157654231 0.9999956221992106
0.8594917691589761 0.8236723217907942
0.3255332952018516 0.9736819738538376
0.904966392044428 0.8055033009260876
0.1922847471164003 0.9907779843590565
0.6985991446760479 0.8816613590147193
0.5941611284362902 0.9136714650947969
0.6711133507411523 0.890531932961206
0.2445101706518373 0.985109451564371
0.4903461348686117 0.9407874548759233
0.9370267265183044 0.7922510223705695
0.5620997103685977 0.9225571724705834
0.7287611028779117 0.8715695112485574
0.8624752102710657 0.8225033652929058
0.616733506609096 0.9071467319132802
0.8342175198878243 0.8334428124141858
0.08939228769829137 0.9980032549795425
0.08288236105948797 0.9982833685004494
0.3966289076007106 0.9610563779845327
0.9807472359299414 0.7736092275144907
0.4377560030844789 0.9526631600304251
0.0505973268535907 0.9993600828272968
0.2614934231440972 0.9829782180074357
0.141897140136872 0.9949726339731388
0.5642745781523523 0.9219687062179235
0.5036523139586916 0.937581940799821
0.6129700977415639 0.9082498822835937
0.2818741231606687 0.9802351663469109
0.2283545808067334 0.9870059743323216
0.7180506343571705 0.8751955558503067
0.2106010165114892 0.9889425044277222
0.2325405749643876 0.9865268431938171
0.5775424035161465 0.9183335922815637
0.5361343117133408 0.9294207032510383
0.1375069665431543 0.9952785444271717
0.7698271506325468 0.8572397622273401
0.2347334563893888 0.9862724180272244
0.7316680949794445 0.8705773347978324
0.4409405009080379 0.9519803522715148
0.4792436270412261 0.943400371542012
0.2220142298480562 0.9877153322137747
0.377967226960681 0.9646028192452932
0.04134333694416253 0.9995727305800466
0.9507753327259679 0.7864586939836107
0.2404424372317467 0.9855990002495582
0.6580768435532585 0.8946290989085525
0.7849928526137923 0.8517790836605738
0.3298347249300381 0.9729866364181219
0.7409592046127464 0.8673833921243708
0.1816217597488415 0.9917703726127483
0.3105819603943182 0.9760297109610606
0.1787152072315641 0.9920311461561794
0.2322190866024322 0.9865639453284044
0.5720753835384154 0.9198408305480322
0.3206123478340974 0.9744665592535953
0.7964936647547846 0.8475782644492212
0.07572769703144566 0.9985668455049778
0.9335824455756613 0.7936919201635514
0.07836778744979193 0.9984652144709814
0.304082277838179 0.9770167443964073
0.6516330794671704 0.8966278666907914
0.2889688039612811 0.9792329561836284
0.5366228528025666 0.9292943375053031
0.2291754825176557 0.9869126904317886
0.8251031161402832 0.8369076119648987
0.6741298193457209 0.8895737617525442
0.9990026336158638 0.7656364136453403
0.05983657206401069 0.9991050992292697
0.4057979138595043 0.9592537819039545
0.4399431340582404 0.9521947101899924
0.5390801991052367 0.9286571040296514
0.6278121437075604 0.9038639499850779
0.8179103614845827 0.8396197317883535
0.5804235360493993 0.9175339938371651
0.5785874764335284 0.9180439748350189
0.05835279825066812 0.9991489216666085
0.2385003796026578 0.9858298709738875
0.3635803285816593 0.9672243739712587
0.3881875231807062 0.962680933381156
0.9794595842154042 0.7741674466692441
0.5452020883305008 0.9270578678260598
0.6987694835750244 0.8816054104338559
0.1581747914469684 0.9937549602404437
0.7774211753985943 0.854516650898634
0.2708448666477785 0.9817446772454576
0.4787871392810658 0.9435065978465969
0.5739148396877175 0.9193351653235603
0.3465725636792241 0.9701965374777428
0.4123695843910657 0.95793752494992
0.6522826276031708 0.8964271801311051
0.6506548415174032 0.8969297697851684
0.06400266339257484 0.9989761797064484
0.9412514315644519 0.7904780479610148
0.1872776938543085 0.9912509705041007
0.2931781463758918 0.9786268075364459
0.7663545472390738 0.8584774376625876
0.8614075132000295 0.8229220811764468
0.2921807795260943 0.9787712046738083
0.8261911193030845 0.83649565993528
0.2672054265938725 0.982229811977104
0.7321239135843347 0.8704214515115777
0.36527131794266 0.9669213406957565
0.8950175707670942 0.8095419796612178
0.5500342746032562 0.9257837535211806
0.9456948544577206 0.7886066633041522
0.4736050467349612 0.9447057981031658
0.6083870728539242 0.9095850313862202
0.1841952335947171 0.9915360004034217
0.8371853753166205 0.832307849242497
0.9965745960346305 0.7667031250640192
0.1636548173444601 0.9933154775320209
0.3823874631814601 0.9637776721664533
0.6953440791439935 0.8827282042192259
0.3218296087914284 0.9742735651538343
0.1598086381143931 0.9936254861781427
0.9661889457917721 0.7798883239763976
0.8006167480724942 0.846059794761936
0.7337234782677718 0.8698737612048613
0.3127615090053349 0.9756941666803591
0.2129863319978986 0.9886913207811218
0.3860061054052814 0.9630952842932852
0.9634163505227381 0.7810761216775206
0.2769889958561347 0.9809110552259667
0.3272575365040719 0.9734043122709725
0.1506940439113854 0.9943308813216611
0.5701671422320265 0.9203638313507179
0.09361208374314572 0.9978103967791506
0.01210155664575359 0.9999633912463241
0.8623479217581208 0.8225533056930096
0.9198032030462302 0.7994151876299801
0.2793069837052873 0.9805917909905042
0.5944718348767943 0.9135831530225715
0.2850745209888902 0.9797860923718442
0.1743245540067202 0.992417157342335
0.1445061094800504 0.9947863081126358
0.2307693749809495 0.9867306237298125
0.6479296007416815 0.8977686966918156
0.7528931823339747 0.8632301808021665
0.4149646085756666 0.9574121862702242
0.4851149755926407 0.9420255930401323
0.7494677783686052 0.8644280919120098
0.5786194259201267 0.9180351132354865
0.8675024387741007 0.8205262251581245
0.4448118570469375 0.9511439337926364
0.9004490351772164 0.8073414739891668
0.02731107688849376 0.9998135377845689
0.4110008028387096 0.9582133513841717
0.7010657827840493 0.8808500156566882
0.7610345551562656 0.86036431778008
0.7237623118440445 0.8732676459868078
0.9140521152476091 0.8017842907382349
0.1470406600958857 0.994602063394648
0.6871786623667826 0.8853851685267179
0.1910411106380825 0.9908966174484534
0.4742981965999576 0.944546107592824
0.837872706278168 0.8320445299400708
0.7612082528701091 0.8603028877963156
0.5679102803431033 0.9209803102150289
0.8499742633895828 0.8273794659710797
0.6235561741625686 0.9051312953838463
0.4877134833893336 0.9414121247950058
0.1292812466292089 0.9958259551890152
0.2180280085737016 0.9881512102042282
0.7727880043782238 0.8561807331553019
0.3036058006359291 0.9770882996240025
0.3625341180537521 0.9674111791205219
0.003557378893512012 0.9999968390976017
0.9515354013776106 0.7861365878730032
0.1154273003877268 0.9966719098831502
0.4185219874691786 0.9566869058130165
0.43665037650459 0.9528991227547724
0.864895078756332 0.8215528214736795
0.9971414133893053 0.7664542767325945
0.3041528148130294 0.9770061421530261
0.3097069353376082 0.9761637780507645
0.8975904481008604 0.8085009165394674
0.3314638917015232 0.9727209591183974
0.7207077381763177 0.8743003293224231
0.5986562308849097 0.9123897306969689
0.09249844639212752 0.9978621556244562
0.4444700500203623 0.9512180619298121
0.5127083456668576 0.9353543827655879
0.2395391064880132 0.9857066172559336
0.1316487119214836 0.9956718479034726
0.7037494563049401 0.8799644436654496
0.7138373035536322 0.8766092146645184
0.9695214181996517 0.7784572538691908
0.4649577087093879 0.9466794660665263
0.2817475834310742 0.9802528200642719
0.8194956811235732 0.8390236534464919
0.08851388240629522 0.9980422847817882
0.7694610668204078 0.8573704625468771
0.9487769277527821 0.7873046492480307
0.3065418909799968 0.9766456276902648
0.5422490707329702 0.9278313786554907
0.2523827279230499 0.984139025172354
0.6690760094994102 0.8911769352727302
0.5458064496264823 0.9268990829958186
0.2039181288349992 0.9896313376993315
0.7845033098871369 0.8519567557366011
0.964328437095661 0.7806856634137774
0.6405685053395892 0.9000189692870385
0.6493983881778076 0.8973169417401514
0.9614698504849662 0.7819084679818695
0.9447213206182798 0.7890172545831031
0.9591053235154158 0.7829178471241132
0.8590602981201654 0.8238411072895957
0.2761852118541417 0.9810211538005553
0.6798130616917336 0.8877581842155194
0.4577165285394139 0.9483057314092415
0.3686836587119306 0.966305696036028
0.1242831112464346 0.9961421560373546
0.9704248742062714 0.7780686395859278
0.6082227651999438 0.909632729788716
0.2559318231679182 0.98369164305941
0.6741743300455503 0.8895595946233376
0.3220600682879147 0.9742369460973489
0.2254532409019085 0.9873330231036337
0.1391320382892769 0.9951664234426021
0.6038076521846502 0.9109100597846772
0.04494892202548167 0.9994949651859707
0.2276459206955721 0.9870862378549451
0.3732687185393966 0.9654697695163099
0.9937258497782637 0.7679522141712358
0.5341878121412302 0.9299231236893423
0.9155177897380282 0.8011816246237184
0.2461085777013137 0.9849148704820995
0.2032638211749791 0.9896975987702235
0.4613242388988492 0.9474985107566215
0.4500267065363129 0.9500062722648092
0.9877671310621161 0.770556337918463
0.4256526759945101 0.9552152869801407
0.09059521187590212 0.9979491819288415
0.6371655187742624 0.9010514730944895
0.3871225260138151 0.9628835057223801
0.03531653202852073 0.9996882127629866
0.5962708418240169 0.9130709954331755
0.2461828236683192 0.9849058018481571
0.3115017438826625 0.9758883883235988
0.2760839030500892 0.9810350083367542
0.7038993526733943 0.8799148929362093
0.680185402594593 0.8876387660399996
0.4003670142965238 0.9603262514376635
0.6743242264140045 0.889511878637178
0.2884081677945369 0.9793130406693819
0.656298837464442 0.8951823619268079
0.3484985564595547 0.9698668894509147
0.6104682360824515 0.9089798611501417
0.8817520788320117 0.8148718777764893
0.4876305947488316 0.9414317411167055
0.2142758878014404 0.9885543604729227
0.9267010008574934 0.796558425169457
0.715276515910065 0.876127142547372
0.5875446068064983 0.9155420900316253
0.9204268501700958 0.7991575847519603
0.249464327585634 0.9845022985951198
0.5030623960788653 0.9377257577379936
0.1665354274057483 0.993078499480208
0.4527281487606131 0.9494119833736351
0.9643866349777145 0.7806607397770762
0.6165621344077225 0.9071970980469447
0.4404952793570679 0.952076098044792
0.3900393105065633 0.9623274315470279
0.7071573462836246 0.8788356330869385
0.07766079766566902 0.9984927711507087
0.7771618365203784 0.8546100190753532
0.7424738783121453 0.8668594164422365
0.6739316394896859 0.8896368295719987
0.02334466018869759 0.9998637641750724
0.05397562172914652 0.9992717934685847
0.9500155430054364 0.7867804850743708
0.7272440128620918 0.872085949035964
0.7341610247894009 0.8697237659045669
0.3503825568362989 0.9695427152663983
0.4015682388104351 0.9600902329065303
0.02256919211827647 0.9998726647706002
0.006681394300740861 0.9999888426045241
0.7500667952699898 0.8642189446564821
0.6330374282007279 0.9022973587013905
0.8884334731327526 0.8121952995198626
0.2376973900188214 0.9859247906107326
0.8473133164678297 0.8284099221426031
0.8151344735245847 0.8406611598795566
0.9529739059288864 0.7855264318962015
0.4348579228086667 0.9532804609272585
0.7355613232290192 0.8692432116423054
0.2024382330488592 0.9897809045097639
0.9379203188875319 0.7918765229765752
0.9020967511004288 0.8066718372646456
0.6551663818094723 0.895534053955426
0.9023069533995851 0.806586340903497
0.5186588850424899 0.9338705264196898
0.09566166070087891 0.9977135225439998
0.2923462639061484 0.9787472794343081
0.2258162308604532 0.9872923315887553
0.1733224583665479 0.9925039227080942
0.0695080999608655 0.9987925234523916
0.9682901091725985 0.7789864512118038
0.8472540978562338 0.828432824711238
0.09285276014956309 0.9978457551232001
0.02226573043608374 0.9998760659773545
0.797269640396009 0.8472929852161517
0.820096773011655 0.838797393936375
0.7564267552254846 0.8619895502977372
0.147652197232308 0.9945571316463535
0.22166501182209 0.9877538296172923
0.7789959473437611 0.8539491304668748
0.1543335915330488 0.9940541469549775
0.9717318070920798 0.777505989662755
0.412033375544489 0.9580053565317198
0.0427670642001401 0.9995427996308635
0.2094291966452399 0.9890648772006744
0.2593466915466575 0.9832553810171218
0.8579015377247248 0.8242940586741719
0.1624031021084651 0.9934171718391808
0.6942046143553241 0.883100630961519
0.5934628604880827 0.9138697803586513
0.3648413351573243 0.966998524499461
0.6321249327771947 0.9025717747035207
0.4955596111228501 0.9395410958799904
0.02000771650113525 0.9998999281502069
0.5344318857111185 0.9298602176298467
0.01421849569967878 0.9999494620624291
0.1156693772020141 0.9966579474238766
0.8267781496172669 0.836273206049392
0.240034726560132 0.985647621703406
0.2889918355685621 0.9792296629605358
0.8962862500437937 0.8090289299088821
0.2083248352670692 0.9891795871807353
0.1362459334247959 0.9953646453409093
0.9891390101933568 0.7699578220444151
0.2305905661688142 0.9867511106578924
0.933515573820805 0.7937198550243214
0.8092357832050118 0.84286441128268
0.9870173213942989 0.7708831990229388
0.08116777058745164 0.9983536290724661
0.03090079456144049 0.9997613022888349
0.76601326873806 0.8585988167833797
0.2355013621205005 0.9861827663820035
0.002632601187859011 0.9999982701848179
0.1780466438168877 0.9920905387784228
0.2782684263206406 0.9807351575816869
0.2120617982987602 0.9887890099957998
0.4373933353635451 0.9527406231381957
0.136169963579704 0.9953698072002665
0.3744649004072253 0.965250047341255
0.131597949253208 0.9956751814498515
0.729632824533448 0.8712723447710446
0.7393062360302108 0.8679541589312599
0.7637228820304027 0.8594122266749431
0.2251924351906369 0.9873622197689162
0.7593139525313461 0.8609721815222826
0.2981547672758599 0.9778991082486391
0.2394109313559769 0.9857218548721326
0.8749833301990215 0.8175669754590872
0.1249329168931269 0.9961017490675345
0.4794456579161089 0.9433533278060641
0.1639751653019223 0.9932893265497744
0.02121916647125928 0.9998874427367791
0.6877704936488395 0.8851935181203799
0.3002210987267183 0.9775934433764224
0.01035817619895478 0.9999731800563575
0.9183610598176536 0.8000103552901899
0.2337366725475233 0.9863883600821252
0.8195939594039665 0.8389866694915528
0.9053783807462912 0.8053352963371725
0.3149044431349749 0.9753620279107504
0.8504947539654071 0.827177597618572
0.6713916490186899 0.8904436916651441
0.5504058057211366 0.9256853610818346
0.8531273556189273 0.8261550237340686
0.8494382928355775 0.8275872330252267
0.8286742320417773 0.8355538005793179
0.06518915345202626 0.9989378784886216
0.2868316277334614 0.9795374264204488
0.9648441960871426 0.7804647464266735
0.4396540538592516 0.9522567541112074
0.4184295769866694 0.9567058214005641
0.6944770201549293 0.8830116455922432
