[BELLEROPHON INFO] Acceptable solutions:
Error   Reward  Penalty #OP     OP_0    OP_1    OP_2    OP_3    OP_4    OP_5    OP_6    OP_7    OP_8    OP_9    OP_10   OP_11   OP_12   OP_13   OP_14   OP_15   OP_16   OP_17   OP_18   OP_19   OP_20   OP_21   OP_22   OP_23   OP_24
0.0671921 0.175237 0  25 0 0 1 0 2 3 1 3 0 1 0 3 1 0 1 4 2 4 2 1 0 3 0 1 2 
-0.0728073 0.165275 0  25 1 1 0 0 2 0 2 3 1 1 2 2 0 1 1 1 1 1 4 1 0 1 2 1 1 
0.0771942 0.198136 0  25 3 2 2 1 3 4 1 2 3 0 0 0 0 5 0 3 3 2 4 1 2 2 2 3 0 
0.0371933 0.170383 0  25 2 2 1 1 2 2 0 3 0 5 2 0 0 2 1 2 0 2 4 3 1 3 0 1 0 
0.277191 0.309306 0  25 3 0 0 2 1 2 2 2 1 2 5 2 1 2 3 3 0 3 4 2 3 1 1 3 3 
0.407196 0.334898 0  25 2 0 0 2 1 1 2 3 2 2 4 2 1 3 2 3 0 3 4 3 2 2 1 1 4 
0.117195 0.239598 0  25 0 3 2 1 0 0 0 5 0 4 2 3 0 3 3 0 1 3 4 3 0 3 3 1 1 
0.137192 0.244892 0  25 1 1 0 0 1 3 1 4 0 2 0 2 0 2 4 0 2 0 4 0 3 2 2 1 2 

