1.15981228284529 1.007649340091093
1.605617073180907 1.117035984128043
1.216900776241394 1.03271702253268
1.201559966523927 1.026287702499944
1.088352642063216 0.9719410337620065
1.802448630706616 1.100611695024714
1.664777244285111 1.116282434629356
1.231770405188096 1.038731601345873
1.722225289196812 1.112099498032594
1.446030044204569 1.101036727824983
1.52260294813784 1.111993697505463
1.371129075238076 1.084506959453803
1.635215527208157 1.117110738092573
1.486599089804384 1.10759363477804
1.047770274825287 0.9495758725516731
1.083804931996299 0.9695089648246427
1.364288272040099 1.082713139393333
1.282703070567317 1.057696486397393
1.858397444644197 1.088749965685111
1.393031123742941 1.089931368347841
1.98369942837567 1.050967724529747
1.757113229370263 1.107908406653154
1.862768423213981 1.087691475671682
1.19582324577301 1.023825232225888
1.843320910745915 1.092254905717779
1.599055605753817 1.116896791233891
1.870209553218544 1.085845838089144
1.891191197974231 1.080346375918732
1.001075481996441 0.922025672084077
1.781743094689093 1.104202779561306
1.487067605595602 1.107659472810917
1.160887765307393 1.00815029000816
1.387360167404339 1.088573550229756
1.703968382302657 1.113796336698455
1.362447732296981 1.082222431326981
1.475712809933216 1.106000224599431
1.506417013009273 1.110181000544307
1.02722497611643 0.9376906123661495
1.707483215586973 1.113496229769365
1.228642302206085 1.037484146895563
1.473255020786661 1.105623609403604
1.230086163724813 1.038061125651563
1.599771377909822 1.116914138591567
1.108470547994818 0.982472756717585
1.716685253994858 1.112650512810036
1.647541652735109 1.11687496910237
1.192275479991117 1.022286556675146
1.080973526034958 0.9679852406796151
1.930244723768088 1.068957106495018
1.050672924635314 0.951224756208181
1.474004649777899 1.105739135989052
1.913944152143758 1.073892406117323
1.807786154005577 1.099615751105966
1.33677307299188 1.075021174209579
1.109767397451106 0.9831388888048369
1.651107064751492 1.116777531376872
1.935828679211358 1.067206956177167
1.979976951135312 1.052309330940458
1.542298262725723 1.113834580499115
1.93690416167346 1.066866395313222
1.761720045824405 1.10726218627842
1.029365868321324 0.9389465492854937
1.097791926515192 0.976928747964133
1.149080213228744 1.002590643183498
1.733334250623982 1.110899921459471
1.460239659277834 1.103525717053968
1.624793023627621 1.11718767596181
1.239751263633255 1.041871139485046
1.487464635859926 1.107715088431229
1.332276239214594 1.073691673812079
1.46839356583934 1.104860379293431
1.960719656646587 1.059038230667432
1.562362403405068 1.115297737196131
1.068164943749162 0.9610013678146256
1.069190204641405 0.9615658593515692
1.279047656934265 1.056420371988714
1.715706596949933 1.112744582298685
1.261465685098183 1.050098247741587
1.360021183434884 1.081570258173449
1.645951320252359 1.116914200252088
1.312138609733497 1.067489512185511
1.834025833678444 1.094302663434053
1.559895472396116 1.115140279104791
1.119924763739074 0.9883024850297319
1.170798906670324 1.012715261541458
1.669662870312884 1.116058763716769
1.771031828956228 1.105890054117782
1.106627585416021 0.9815234426217573
1.649639821448196 1.116819217303806
1.313330091681951 1.067867756530057
1.043531747089481 0.9471546225813103
1.411359866806939 1.094096192868476
1.342695960468937 1.076741307039573
1.141323674070334 0.998867026696225
1.560440080501344 1.115175581345127
1.076030211092918 0.9653075223619797
1.601563333348168 1.116955244889658
1.185233103663303 1.019196546151728
1.315781474726173 1.068641509038571
1.089027969208093 0.9723005828224729
1.517509343343558 1.11145240867777
1.784175041031174 1.103803481561039
1.04974762585468 0.9506999469386926
1.079871746282965 0.9673903457515636
1.852339985245997 1.09018542094931
1.118937830496085 0.9878049585225021
1.358919403682891 1.081272175266736
1.568046581730268 1.115636589245153
1.380403516059929 1.086863307404774
1.718940587583436 1.112429990769151
1.213997901982627 1.031517854509435
1.692542126259088 1.114684295874586
1.552966420796219 1.114664357244241
1.773893374844405 1.105450692757577
1.812466890463823 1.098718722176119
1.723765327932204 1.111940741139231
1.443556244691627 1.100582249860342
1.583498719420051 1.116388863557664
1.830392913813886 1.095079504085608
1.093196066139823 0.9745104835965163
1.896828811567663 1.078794645259533
1.873924660903367 1.08490381131315
1.504555933412423 1.109955248058318
1.239524771570938 1.041782897009555
1.0152483349737 0.9305902177023032
1.064996013448106 0.9592506089806011
1.315554983129518 1.068570270964446
1.61681166878753 1.117170713189471
1.250229117577071 1.045898597957093
1.631336458321352 1.117152482335536
1.705839637995623 1.113638141473605
1.767738461386291 1.106385421468264
1.415511499352526 1.094992023997881
1.755587264315964 1.108117696657954
1.847610208134917 1.091280823387766
1.267851484132862 1.052429670534735
1.87452509527771 1.084750277271172
1.206529611817808 1.028395325645052
1.835898066328791 1.093897153956208
1.254928610871978 1.047670090595817
1.925470199401244 1.070429511545552
1.049895968311418 0.9507841350514739
1.947470737596727 1.063460785467068
1.478436620197462 1.106410344508274
1.823789343621484 1.096457673771358
1.759937627594889 1.107514777027661
1.202201948129666 1.026561303392309
1.267345588313111 1.052246433955607
1.34343634701494 1.076953852021007
1.03259486147789 0.9408331554168577
1.360541654452934 1.081710643766324
1.240265158116941 1.042071169849952
1.906519522846918 1.076054283123112
1.865097588331018 1.087119680327291
1.47978993015354 1.106611271992281
1.92176785828628 1.07155598157447
1.930093602244786 1.069004050517772
1.795344913748719 1.101892592852535
1.538579526608148 1.113517687093188
1.180322719821857 1.017013952004495
1.42668137160441 1.097314897058983
1.244419164603771 1.043678629193682
1.948061181208147 1.06326729795558
1.842192871422597 1.092508026458691
1.000006428919736 0.9213725645648673
1.795671389343064 1.10183484251603
1.110044355555458 0.9832809483393191
1.874531524197446 1.084748631432105
1.00220100069521 0.9227122043533917
1.94594242234991 1.06396004714797
1.129460135069424 0.9930627891852151
1.927671200562115 1.069753506732594
1.995838391126989 1.046501155666729
1.076930872666152 0.9657970498494687
1.406107820759578 1.092937739988526
1.819627734282812 1.097303713064346
1.836868500726702 1.093685585097522
1.608309769354905 1.11708022418075
1.086973322595923 0.9712053805961616
1.18030484727598 1.017005965898134
1.640904631298457 1.117021409226904
1.447514977514518 1.101306522232395
1.420570005858582 1.096059769685975
1.547424154145375 1.114247958242549
1.312612565379875 1.06764014240468
1.900359936477784 1.077806788628408
1.469192011965994 1.104987399762351
1.242706167624661 1.043017798896857
1.695704850226503 1.114451937872617
1.007771538574142 0.9260938583678765
1.423028887446518 1.096569352273238
1.122386221830913 0.989539401314282
1.252190703643575 1.046640656430103
1.371090068654665 1.084496865173773
1.96457909325351 1.057718147310867
1.252197133028972 1.046643082439066
1.166761457997729 1.010866891198753
1.074623448808968 0.9645414472505406
1.126728657226418 0.9917078084674777
1.168962459158601 1.011876441517552
1.020565870693217 0.9337582902783271
1.256188792761503 1.048141440584995
1.096633659720716 0.9763211121759557
1.016404261820206 0.931281001988065
1.333119665427655 1.073942580721745
1.502741480945955 1.109731712812568
1.83603199656868 1.093868011290164
1.169988166154357 1.012345340527637
1.111051249835199 0.9837968157010023
1.923005319164603 1.071180960125555
1.350293013895998 1.078896011979334
1.751955881599316 1.108606209842089
1.370520296679121 1.084349241814804
1.770863020220242 1.105915713209545
1.29938003527903 1.063350527613036
1.683132862524657 1.115314765255264
1.671222956698026 1.115982160549281
1.768572047710685 1.106261080548463
1.925839030149318 1.070316559755015
1.366927806458868 1.083410893748287
1.776343586750488 1.105067880561406
1.348867917595835 1.078496247292053
1.489314028755442 1.107972010436092
1.028534290394063 0.9384591912620351
1.719957986716161 1.11232880578345
1.453893122008952 1.102439641578178
1.280731423888696 1.057009820476345
1.886719445179551 1.081554934720571
1.52851657081792 1.112588524485769
1.407460081115114 1.093238697440223
1.055681903872491 0.9540524406746604
1.549082441976798 1.114375876903225
1.663648874342278 1.116330596501981
1.152315564058868 1.004127097472844
1.565486704262666 1.115488121962958
1.996768540235594 1.046153134758159
1.655057045004823 1.116654270942711
1.401518700365684 1.091902505895781
1.16675670592429 1.01086470655831
1.766108295305683 1.106626541962603
1.324524019530287 1.071352108486406
1.517049720285949 1.111402247941251
1.518064176904999 1.111512669686559
1.695044316675069 1.114501314968126
1.28791274004053 1.059492348918266
1.81744421264969 1.097740651799358
1.378177178734065 1.086305611874988
1.959135697204217 1.059575864679693
1.586016260360375 1.116488034739016
1.304016208883382 1.064873287286114
1.326063503663085 1.071821504237805
1.362359847110864 1.082198914575911
1.652884126944879 1.116724069181628
1.815377532418528 1.098149792331145
1.390894137970588 1.089423537521037
1.37284211366104 1.084948747755614
1.269270654427479 1.052942351964022
1.671625561859284 1.115961984902681
1.259561558840592 1.049395301688735
1.79778722571106 1.101457960505815
1.079085642974398 0.9669652227353243
1.315243463178744 1.068472205367933
1.346869667687858 1.077932259110893
1.742734517782337 1.109786293951327
1.467559027237612 1.104726916753231
1.912356371950524 1.074359267669492
1.73950305755227 1.110179299401641
1.122616072242435 0.989654617092977
1.313875072316208 1.068040292308999
1.906259763942221 1.076128940848339
1.888724368013779 1.08101551288938
1.638399092312157 1.117064868563303
1.42330948422817 1.09662711102521
1.406788544918778 1.093089474008544
1.333443408987226 1.074038700169853
1.711222224734361 1.113163067975163
1.224232757102806 1.035709522568605
1.711620588186952 1.113126726812756
1.670357921472917 1.116024945076482
1.810249017928843 1.09914651293774
1.015636797070334 0.9308224939749267
1.996421425601664 1.046283105675325
1.172608864574045 1.01353884837259
1.668520924480875 1.116113246064109
1.811798958020191 1.098848076606928
1.563503003010295 1.115368411471346
1.041363038141915 0.9459095633499182
1.081069611982009 0.9680370689995758
1.235128564869579 1.040060206120437
1.300924596982507 1.063860216565963
1.878856838158731 1.083632051333306
1.314214208309638 1.068147509969309
1.616168060626913 1.117166476941351
1.225726505380928 1.036312796549477
1.056948725626314 0.9547640288289136
1.083727087864525 0.9694671704798205
1.138082877331452 0.9972945313042356
1.796451783644246 1.101696361867165
1.206343160572622 1.028316681189995
1.451957950113322 1.10210025474332
1.702711547586467 1.113900571255502
1.0950675285864 0.9754975515790418
1.090357042425478 0.9730069744024898
1.126021031814637 0.991355649843255
1.501856073505178 1.109621400763079
1.423800451878365 1.096727979552624
1.837243256548998 1.093603630539951
1.726088831073646 1.111696624629404
1.135421039599656 0.9959956051896064
1.507601178021916 1.110322782414625
1.536337849002489 1.113319758513579
1.151057837135651 1.003530979016643
1.50402260362358 1.109889895668322
1.708946714042195 1.113367533849369
1.819578761616526 1.097313565407918
1.315821561178109 1.068654112036799
1.272449716586829 1.054083600468566
1.860941800224102 1.088136127619721
1.39689117362578 1.090836902032643
1.50757828192207 1.110320054742197
1.161866397206609 1.008605177431916
1.275748011784511 1.055257118631434
1.821792490231708 1.096865798115235
1.778034457833522 1.104800152051393
1.5014745176311 1.109573613877139
1.878741216323684 1.083662139984565
1.861761546163709 1.087936988475883
1.639557395428213 1.117045583009973
1.675192999967929 1.115775917595659
1.068104706270669 0.9609681725357307
1.091515345541535 0.9736212865466629
1.377904547554397 1.086236972767599
1.163172235322731 1.009210745708443
1.181872388432674 1.01770524222243
1.503925579834695 1.109877975174305
1.66502830929357 1.116271540028221
1.60567284031104 1.117036976379521
1.341168836383693 1.076301170282328
1.391117140367216 1.089476748383083
1.741093880376356 1.109987158432901
1.84877001487127 1.091014280892053
1.927454989369705 1.069820121736781
1.892151717977669 1.080084208780679
1.352792618029189 1.079592254131604
1.6364017034119 1.117094870659596
1.711730479594195 1.113116673204381
1.668614179672959 1.116108847226837
1.908851420464391 1.075381106107709
1.572672279352635 1.115887683226804
1.065505353298739 0.9595326181405486
1.416429701920799 1.095187777540927
1.734538677024906 1.110762279230844
1.341253365548911 1.076325593959567
1.238222192152507 1.041274434130085
1.512573134858428 1.110902295264195
1.842727883180011 1.092388133723119
1.11696340847619 0.9868069149732763
1.374334680556475 1.085331255491954
1.482285278608224 1.106976817900473
1.792156408909781 1.102450942445622
1.442439387292806 1.100375010039737
1.573800624149759 1.115945575330994
1.170060956464178 1.012378578460533
1.605611623081198 1.117035886983222
1.755673013048094 1.108105998896255
1.673986536764533 1.115840309928998
1.270639931909107 1.05343512876506
1.361345853359134 1.081927020952345
1.015155372682566 0.9305346124227107
1.661757072741984 1.116408399123692
1.102439733735491 0.9793546372710672
1.863925388019497 1.087408121896719
1.589212062111689 1.116604482551676
1.994591451713159 1.046966419122798
1.216718006048686 1.032641761133911
1.225613765057928 1.036267340120001
1.706321931307354 1.113596786104099
1.885332186187306 1.081925852954687
1.134465185522318 0.9955275501430253
1.278994210659989 1.056401615784812
1.950837539951707 1.062352974374003
1.550894887908778 1.114512435934373
1.013532887219234 0.9295629071249654
1.292090905034957 1.060913205291713
1.789117080526947 1.102973596007709
1.526106022543323 1.112350417403829
1.134818788214968 0.9957007990040317
1.906080489468798 1.076180427818581
1.90044070356546 1.077784050095488
1.617104067288853 1.117172496330825
1.698236898378579 1.114258506111362
1.342880090858266 1.076794217395142
1.190904691438612 1.021688810933873
1.868297855308418 1.08632524706582
1.948491713939464 1.063126000632195
1.946577704486706 1.063752790890497
1.54228439160729 1.113833425020373
1.21913164584857 1.033633048388945
1.30792355784584 1.066140050135919
1.557439764755517 1.114977287702246
1.880888719056216 1.083101130323632
1.41036329158133 1.093878537791338
1.421365152775014 1.096225232772993
1.470100780702243 1.105131173510894
1.40495474329449 1.092679641016047
1.6380831588237 1.11706988835458
1.695714546225832 1.114451209725528
1.111276674601844 0.9839121804597607
1.523415345011007 1.11207755284125
1.830179732213812 1.095124678572008
1.390270885261833 1.089274554571282
1.474252884497052 1.105777264492694
1.381074619656929 1.087030432711028
1.403803772946728 1.092420663243848
1.766343789997671 1.106591876514916
1.170191700183876 1.012438266783631
1.929909795955713 1.069061117716236
1.9011625786783 1.07758053438855
1.076272189187013 0.9654391145629848
1.830350499055512 1.095088495663757
1.518266645967153 1.111534580913803
1.774509088031253 1.105355069241414
1.173230589913777 1.013821034344313
1.709171337405765 1.113347586598388
1.64280694287401 1.116984084761611
1.121722303853241 0.9892063274450209
1.655749041892471 1.116631020278914
1.1850913344813 1.019133854541373
1.340853950167472 1.076210124526366
1.963672600203973 1.058029490411214
1.742531099702479 1.109811347825349
1.221742668758027 1.034699049971053
1.374035891785303 1.085254863927186
1.163896252477493 1.009545805355545
1.691843449925931 1.114734239631175
1.778990635545454 1.104647469270193
1.801979411766855 1.100697873483662
1.387557996151763 1.088621466897678
1.890267310147298 1.080597686676735
1.3253947563122 1.071617891584661
1.217737728365575 1.03306125114932
1.280538195409131 1.056942317925594
1.799647641274914 1.101122838210622
1.598812348488165 1.116890775068451
1.684341968821521 1.115238847575691
1.565991431272585 1.11551793135395
1.769004048672041 1.106196363806207
1.614251764777234 1.117151328688745
1.467154009950885 1.104661886899728
1.845276238324715 1.091813137602059
1.444602263832745 1.100775186156291
1.985420656383699 1.050342917791822
1.619785326355968 1.117184727386996
1.617832853746523 1.117176556119214
1.694591993789464 1.114534868998804
1.262592269229978 1.050512471278587
1.739555158065425 1.11017304759456
1.350341035681935 1.078909447315842
1.44768360417694 1.101337016739194
1.080409107767236 0.9676806265584127
1.314013635420247 1.068084112829126
1.190214703879419 1.021387254219476
1.302151776990924 1.06426348159558
1.688049527671211 1.114996680791305
1.354110956356912 1.079956929273047
1.993995227382516 1.047188363956625
1.467040162751004 1.104643577163263
1.156090368123767 1.00590727169368
1.381553223534279 1.087149340747383
1.357307472898302 1.080833865467767
1.481485124901629 1.106860300619614
1.599290952365515 1.116902553519723
1.637845668773095 1.117073593922779
1.281132766176543 1.057149907668793
1.198103300388019 1.024807724110773
1.322187637594616 1.070635203466215
1.847124197914789 1.09139211727882
1.967107349525721 1.056845627351386
1.936439402837511 1.067013702965847
1.314278207865673 1.068167730517836
1.812383587850436 1.098734879410854
1.381041666204595 1.087022236954861
1.299698863783711 1.063455931909265
1.432168914206405 1.0984093786808
1.998874520416779 1.045362141381727
1.994290858038837 1.047078357420831
1.694761183436383 1.114522342854289
1.738429678482204 1.110307482654555
1.344631893255111 1.077295897278282
1.142444787613323 0.9994087211187621
1.818838786715101 1.097462140436168
1.658645529141019 1.116528340515518
1.332659491492743 1.07380577417875
1.120990563706025 0.9888387544586691
1.34669505681223 1.077882785802861
1.686770448315316 1.115081823891957
1.114985791088541 0.9858036360487633
1.813735220028895 1.098471856040809
1.842860816904744 1.092358299746339
1.496539015088481 1.10894195455639
1.171042692927198 1.012826373174558
1.324345941340712 1.071297658547376
1.095829966988335 0.9758987657567129
1.808888362165954 1.099406508149872
1.605478707982916 1.117033508342735
1.293933267842016 1.061534231928334
1.13107599976057 0.9938610842494656
1.452602905432043 1.10221379263049
1.261040617367737 1.049941634353339
1.06751540213242 0.9606432498283579
1.766881113763378 1.106512569927675
1.073424205218174 0.9638869636361405
1.448557068802676 1.101494507808549
1.066579977547089 0.9601268441123928
1.50559311989024 1.110081501391617
1.447431589219454 1.10129143149091
1.060870835120264 0.9569579864274498
1.200354303326623 1.025772799661234
1.185861267701658 1.019474094895444
1.405502728841036 1.092802468173944
1.342799090939946 1.076770946053407
1.004700053951098 0.9242326184092325
1.064148257982055 0.9587807087685997
1.67545858289835 1.115761541407497
1.125690618122784 0.9911910557620409
1.410843315259946 1.093983502828536
1.362229031213666 1.082163895766326
1.240676409211325 1.042231061292909
1.224578534823181 1.035849362963975
1.20508984811841 1.027787169373119
1.737215424765467 1.11045107034579
1.39562122821604 1.090540656119064
1.529435789924783 1.112677741761718
1.833045392219464 1.094513617884313
1.204509589916333 1.027541503803616
1.134914497442038 0.995747671980175
1.12697866006148 0.991832114086691
1.335585590142564 1.074672063681351
1.587517403339742 1.116544048444825
1.388019277894879 1.088733040936341
1.403100992740645 1.092261868621875
1.35439851710312 1.080036240788511
1.461443483578713 1.103727060600381
1.851658062008982 1.090344728889313
1.420978494650209 1.096144853261972
1.967036603468953 1.056870125745954
1.299089651228436 1.063254439087597
1.481849330236134 1.106913417405823
1.167390906795576 1.011156074448627
1.484950918930094 1.107360230047086
1.887352059542831 1.081385158934645
1.510189998201183 1.110627708106346
1.489650973346853 1.108018440222259
1.951500317990547 1.062133604786088
1.185648581099533 1.019380163414487
1.615341591935298 1.117160409220592
1.362343633250493 1.082194575138933
1.54787761277886 1.114283219951864
1.856018001612284 1.089318188046438
1.586922168539335 1.11652211666203
1.75296746089727 1.108471477047958
1.59323342591209 1.116736004780499
1.982543396755375 1.051385780439219
1.282403250822054 1.057592315957975
1.426278818131554 1.097233396338833
1.187052986671707 1.019999609019209
1.417317748729753 1.095376283689789
1.553257478193034 1.114685347260336
1.522638577279932 1.111997389421128
1.004835152069496 0.9243146569379042
1.941276756553574 1.065470222500141
1.925739570020577 1.070347031761776
1.359233669172616 1.081357323662756
1.402720239666626 1.092175626661336
1.777397632029558 1.104901326059671
1.780212164288486 1.104451066138565
1.369756843135579 1.084150922216236
1.076487282792333 0.9655560418901031
1.262061494524619 1.050317470927914
1.537147750396816 1.113391867705062
1.561438202188089 1.115239484864477
1.14941355406745 1.002749400511652
1.047337748132338 0.9493295266466278
1.051089175534942 0.951460595007107
1.100913872057998 0.9785604129895815
1.232986329697532 1.039213930902074
1.666430767935901 1.116209487441417
1.463257505774152 1.104027650684174
1.780863942476392 1.104345651109739
1.522448769082524 1.111977706260647
1.050179673847826 0.9509450903755611
1.533831403373662 1.113092304318659
1.115682194994615 0.9861573466518463
1.032723070603201 0.9409078739859114
1.816234654661377 1.097980629420629
1.54196101359183 1.113806430938724
1.219776057740569 1.033896756005402
1.233552402925469 1.039437988482948
1.095218491784864 0.975577034486745
1.742414635486162 1.109825673058621
1.238387555460626 1.041339075509916
1.036495247872777 0.9430997354844309
1.668154205506739 1.116130457262554
1.597621225098903 1.116860433218112
1.439215488005064 1.09976962799562
1.445551837070636 1.10094936224712
1.377833389387388 1.086219045206399
1.808972331606304 1.09939051721515
1.522039120328631 1.111935098806595
1.639894884377669 1.117039703275021
1.34612008200312 1.077719658662125
1.083477322516719 0.9693330347500905
1.789308438910781 1.102940965096864
1.393457830601119 1.090032214654728
1.134566498517322 0.9955772007355899
1.89022231143444 1.08060990548487
1.626444160298651 1.117182967963029
1.800997266918885 1.100877538341742
1.35347981674293 1.079782563745547
1.407308102775043 1.093204966248344
1.32344603600141 1.071022014269337
1.403659491056418 1.092388103480983
1.941139506614366 1.065514328228212
1.439128231461685 1.099753095060956
1.43638256212528 1.099228877396933
1.757374161275744 1.10787238173755
1.981089245053515 1.051909836682535
1.65615862033151 1.1166170260356
1.990926564666874 1.0483253399662
1.07630773683838 0.9654584415647933
1.398573255817673 1.091226763895707
1.229314119661839 1.037752862626757
1.112802985176818 0.9846920592861372
1.066727460858751 0.9602083154293137
1.826935345226403 1.095806558694975
1.552018473647544 1.114595387587661
1.512279298395049 1.110868755869573
1.20476873414813 1.02765125850097
1.360990805253848 1.081831572466692
1.034318418723679 0.9418364049070879
1.84466361899146 1.091951957864269
1.707110887256968 1.113528620622624
1.11779574170606 0.98722808864699
1.63397205743658 1.117125811951567
1.100568717858088 0.978380460443333
1.252362240689044 1.046705368870084
1.524194368871019 1.112157323386826
1.7270128786224 1.11159800474498
1.053359507607929 0.952744187829189
1.877674186079611 1.083939192496927
1.134320981397443 0.9954568632999269
1.376805543609338 1.085959517875782
1.281333677136029 1.057219975154266
1.075460488011809 0.9649974866328875
1.815933775536685 1.098040095567574
1.71771623972697 1.112550351778271
1.832834649287553 1.094558836151394
1.7970230205902 1.101594605954465
1.37387486005848 1.085213655331124
1.823761213954427 1.09646345083035
1.87333075742858 1.085055323991547
1.772448115876153 1.105673636983522
1.053075333616266 0.9525837750752612
1.986133743071059 1.050083240564996
1.839175577200565 1.093178824740416
1.880010678842669 1.083331059111292
1.538152216252942 1.113480358331912
1.351454875595614 1.079220421034559
1.084779412990799 0.9700316945020827
1.899143021972451 1.078148613235974
1.385773294784954 1.088187751846226
1.929443032447921 1.069205888266372
1.606253909229419 1.117047123910359
1.503569036956676 1.109834086380655
1.563415089884501 1.115363012011934
1.706822627087507 1.11355360023827
1.755931278111381 1.10807072136622
1.087609458289859 0.9715448761242741
1.433835505709907 1.098735680464953
1.809290786184972 1.099329806929149
1.965283644835131 1.057475617897323
1.56815648710735 1.115642811800025
1.18609632979431 1.019577858056503
1.246617321505499 1.044522421575613
1.64361697558482 1.116967057453627
1.002030104865334 0.9226080338694679
1.96433356169813 1.05780255522569
1.476451624872373 1.106112221142996
1.799053125921196 1.101230310156612
1.338208421290949 1.075441265330821
1.300212838361139 1.063625638471753
1.672383883349776 1.115923529956945
1.110656537167102 0.9835947020857042
1.353288172443066 1.079729538525124
1.658517625955175 1.116533057231198
1.949832114833329 1.062684945478568
1.233298851285735 1.03933766870645
1.196669842208116 1.024190619168048
1.301286990428943 1.063979458952489
1.318078264742195 1.069361020892519
1.095812864180567 0.9758897716719305
1.687060285679558 1.115062678035293
1.247521296724454 1.044868053986915
1.702066773409986 1.11395341570195
1.190629322636234 1.021568516596937
1.810936387074616 1.099014460688971
1.408889400497493 1.093554779551111
1.946560601213277 1.063758375822682
1.898545845830136 1.078315824304903
1.842724906673061 1.092388801530825
1.755851387398248 1.10808164123859
1.863829490199606 1.08743165891787
1.410881393780411 1.093991819264034
1.941947717192559 1.065254344405095
1.110446811705105 0.9834872530993753
1.05449836889957 0.9533863353769195
1.943977822523554 1.064598513679146
1.074780373403235 0.9646269919672823
1.530949994237605 1.112822804015354
1.74303094844475 1.109749708603265
1.412988795159845 1.09444977543421
1.831162833064405 1.094915974048402
1.415414831328865 1.094971365086875
1.523645332792609 1.112101168338497
1.184451005041809 1.018850455883477
1.073932457284039 0.9641644997654952
1.473477447625938 1.105657948272216
1.417749856793205 1.095467716393504
1.270602299957817 1.053421610434911
1.774764438520542 1.10531529905857
1.7358281215354 1.110613277586178
1.366415164604045 1.083275929171798
1.4618247242001 1.10379051406146
1.983349418725515 1.051094432984729
1.068481938014031 0.9611760009634246
1.652454047301996 1.116737306764644
1.794285805800131 1.102079196942147
1.477371338977186 1.106250855542038
1.599014648515272 1.116895782575633
1.692831651164606 1.114663452610645
1.320096245184585 1.06998884050649
1.354866035447859 1.080165008072596
1.556661141364212 1.114924306640503
1.730977639430658 1.111164945610229
1.296813752640418 1.062498438551037
1.667107953534978 1.116178799352868
1.785476008795889 1.103587416957726
1.240791575163971 1.042275807403051
1.741888327403873 1.109890236869677
1.316426002567832 1.068843951133666
1.983822524074382 1.050923134401248
1.154877122098057 1.005336577487696
1.147588835632237 1.001879078202945
1.399237355403247 1.091379892004178
1.678522455356327 1.115590440622659
1.332039841139708 1.073621220850356
1.473169813152947 1.10561044133667
1.151999902516603 1.00397762499592
1.749789697932913 1.108891216494368
1.743772113576425 1.109657841800269
1.926764341502806 1.070032606504502
1.485617819468313 1.107455009656965
1.110187277714809 0.9833542293997559
1.388589065237245 1.088870561878656
1.468967238193828 1.104951707987551
1.178669216194502 1.016273817133756
1.041043112539241 0.9457255394153166
1.26325304399396 1.050754845129947
1.656040555171687 1.116621077766739
1.640057761054513 1.117036823565962
1.956084695624227 1.060604643706899
1.976136800821934 1.053679492652757
1.994923796968033 1.046842557097628
1.512745836988439 1.110921966446325
1.707114440252592 1.113528312200544
1.291737549608451 1.060793710790367
1.179853790523416 1.016804316434619
1.49259044858282 1.108418529440654
1.532529125238084 1.112971563470051
1.92174211792729 1.071563766517932
1.809016451616313 1.099382112260722
1.516351649312466 1.111325647250312
1.076619240025347 0.9656277545691198
1.956605287714212 1.060429737443763
1.915589004715713 1.073406162720385
1.755141695847335 1.108178360108242
1.288645128388258 1.059742660863813
1.388758817868661 1.088911468764755
1.9071415988296 1.075875222298911
1.038434826321171 0.9442218371270197
1.132530930979425 0.9945777888040719
1.833905939866745 1.094328511793021
1.524052646255145 1.112142857893526
1.242718209159895 1.043022454214205
1.22249500510399 1.035004980245044
1.993019884914635 1.047550708758532
1.421387425820058 1.096229858301506
1.263538118108892 1.050859278486021
1.256272928908595 1.048172854838442
1.077427980991745 0.9660669228968299
1.903595879629066 1.07689075204205
1.21235762406716 1.03083665980156
1.05356478181368 0.9528600176301223
1.8985196765971 1.078323143747998
1.72510346152126 1.111800826343245
1.760679222066272 1.107410076685508
1.190257226205551 1.021405851637679
1.904957252044676 1.076502299946457
1.253269670649092 1.047047217662041
1.722786351909296 1.112041941359728
1.826699369971966 1.095855742171865
1.062286122265405 0.9577462774349651
1.239138000756101 1.041632093432323
1.903318610462974 1.076969644673083
1.018891409979617 0.9327633575281281
1.154727005471814 1.005265868177115
1.658460306310309 1.11653516554745
1.307536538833536 1.066015257080799
1.543485823806136 1.113932768325396
1.565601904674248 1.115494948949695
1.345971365620369 1.077677411918416
1.676016755251222 1.115731090439667
1.399507844540993 1.091442132800615
1.870024012341175 1.085892526249106
1.918734964876778 1.072468802984847
1.622002850110644 1.117189229836169
1.86304389725581 1.087624129626901
1.340122390231175 1.075998217655215
1.885540968685197 1.081870151199221
1.119316825698743 0.98799612202321
1.417550371688581 1.095425529655769
1.789136847848602 1.102970226951091
1.331674450231564 1.073512214315569
1.471115153502261 1.10529065191214
1.687656524445702 1.115023020476655
1.056777911752825 0.9546681647127542
1.231794375568533 1.038741123747572
1.877913750651252 1.083877088056442
1.961735164263162 1.058692273642776
1.485064046683285 1.107376339962511
1.600700102560548 1.116935857416068
1.788434534235128 1.103089683628562
1.547350169414352 1.11424218489714
1.83983810378231 1.093032313373683
1.691753144698103 1.114740658336775
1.56624157985963 1.115532607601196
1.994565109719785 1.046976232062328
1.350213450542751 1.078873746961446
1.873778118693167 1.084941228658605
1.53805093306026 1.113471482826405
1.91581535568266 1.073339042863336
1.219749484313535 1.033885889519905
1.214067688311482 1.031546778581341
1.315323200223652 1.068497315590254
1.089773496189049 0.9726970230677797
1.132802652722599 0.9947114210318326
1.937326050799957 1.066732493951725
1.95281739391052 1.061696414326775
1.472925043419434 1.105572572867464
1.822867019485155 1.096646679586963
1.072134219609263 0.9631815038173815
1.890475415573677 1.080541152425545
1.612003867333757 1.117128721361044
1.403808670306489 1.092421768047816
1.361590569075938 1.081992734400945
1.299660391313797 1.063443218321246
1.460586582059314 1.10358389365496
1.593384945110131 1.116740633419688
1.177574141965049 1.015782210207924
1.422321746322476 1.09642343580476
1.078448991793417 0.9666205116733495
1.778274244991259 1.104761949881727
1.210756280091943 1.030169127492055
1.62579916167343 1.117185142336188
1.618112348307908 1.11717796744922
1.902509425255707 1.07719945420093
1.192040741067399 1.022184324205866
1.612677458027693 1.117136043804815
1.252722875798458 1.046841324641594
1.065818859760565 0.9597060827894052
1.150728391087953 1.003374586977375
1.168538231481117 1.011682215192845
1.285568344539762 1.058687520684658
1.364796079399435 1.082847924007764
1.483861432170431 1.107204407655231
1.375341841194472 1.085588091127458
1.497598732587694 1.109079696923021
1.421187482970388 1.096188317265088
1.328159234639331 1.072456687882577
1.97052377647279 1.055656854405342
1.244054501989882 1.043538191850475
1.400293454714256 1.091622483209597
1.860999192046467 1.088122207300039
1.8560583697893 1.08930859493923
1.804102125020745 1.10030623716095
1.222589760656743 1.035043472768239
1.155718761103097 1.005732620392157
1.264688707080059 1.051279970235437
1.815974706232536 1.098032011323488
1.333292903533807 1.073994028184911
1.687010453868196 1.115065975937475
1.894423698025953 1.079460470571437
1.111567148059405 0.9840607657177385
1.897766734425801 1.078533450630561
1.520222859699383 1.111744103096987
1.729679496832974 1.111308508535923
1.800276159215847 1.101008831382016
1.712263601232443 1.113067723868356
1.342356954860667 1.076643803725847
1.052999035014305 0.9525406931312864
1.778082461458669 1.104792508927618
1.49308534594862 1.108485013990278
1.221537266495422 1.034615429801746
1.06365080553277 0.9585046756360878
1.857881425813717 1.088873672050499
1.705398699131514 1.113675741922166
1.438992647192903 1.09972738976071
1.355480158401411 1.080333819372941
1.126586181636241 0.9916369411798018
1.767151882297896 1.106472494479114
1.326003934874201 1.07180338557091
1.370640684091784 1.084380460598961
1.167445336546491 1.011181063080539
1.187003126920668 1.019977649502161
1.226699053881084 1.036704411791936
1.971547462032897 1.055298477378149
1.409592888043072 1.093709585426528
1.382417814984181 1.087363557693499
1.236236169112956 1.040496005021749
1.225567593809947 1.036248720504306
1.71571071898365 1.112744188143252
1.923246623446814 1.071107657120661
1.1199912918359 0.9883359902452781
1.827277867508716 1.095735068582834
1.821013357406954 1.097023953713797
1.640214152000944 1.117034032752026
1.55695736434169 1.114944536865711
1.621289516622801 1.117188335890274
1.352477752767726 1.079504897817422
1.899314319202357 1.0781005848058
1.674288552102767 1.115824331161031
1.130560214226395 0.9936065322445631
1.392399665150978 1.089781792251874
1.895825819063851 1.07907300305662
1.194211020224826 1.023127501765688
1.250281090964694 1.04591830782907
1.601224517729704 1.11694772722163
1.633203667417729 1.11713432843087
1.605761249831767 1.11703854284013
1.727810699831606 1.111512153588656
1.400355549715625 1.091636711409505
1.931765185171629 1.068483558241734
1.098451383923391 0.9772741546183733
1.567800886727777 1.11562263346183
1.118768312092297 0.9877194110781232
1.325150438270136 1.07154339271397
1.539348348760674 1.113584374350556
1.528361200135369 1.112573358347396
1.707568253719978 1.113488811889272
1.775584518339292 1.105187126122262
1.753928794410978 1.108342470049334
1.423278972237966 1.09662083425747
1.698831141320444 1.114212155661818
1.873920086712539 1.084904979585555
1.250556839746682 1.046022835825573
1.519844498727398 1.111703886511489
1.514134238713484 1.111078990435395
1.807514204088372 1.09966718967157
1.141134015350199 0.9987752717626257
1.86661199194687 1.086745012677942
1.706828523290729 1.113553090148144
1.815422567918628 1.098140922458694
1.997172206173266 1.046001845655877
1.099228188441707 0.9776805126482369
1.711248386516817 1.113160686329619
1.191383226398091 1.021897685272255
1.349509279872062 1.078676413842843
1.312472904246521 1.06759577928999
1.824586894281482 1.096293548180573
1.95527053016949 1.060877660028412
1.040283604078127 0.9452882992395185
1.224942443531445 1.035996410666715
1.887035715341119 1.081470106127978
1.138734988467179 0.9976117382376701
1.792743330724883 1.102348936693016
1.005804027433416 0.9249025427942341
1.463885427202976 1.104130912084663
1.332091679019896 1.073636674725053
1.534165228034447 1.113122972790687
1.171453680457293 1.013013563142074
1.107676197359188 0.9820639689768564
1.288094022445424 1.059554356188025
1.594732653160921 1.116780758749709
1.806507339145293 1.0998569862883
1.162014109157964 1.008673758179299
1.845289493373264 1.091810129849289
1.326351837872692 1.071909154833686
1.676148347871447 1.115723864706241
1.652803697461636 1.116726559255939
1.467485853688552 1.104715180434828
